%gives standard su blue - white -red colormap

function mycmap = myColormap
    mycmap = [0,0,255;
2,2,255;
4,4,255;
6,6,255;
9,8,255;
11,10,255;
13,12,255;
15,14,255;
17,16,255;
19,18,255;
21,20,255;
23,22,255;
26,24,255;
28,26,255;
30,28,255;
32,30,255;
34,32,255;
36,34,255;
38,36,255;
41,38,255;
43,40,255;
45,42,255;
47,44,255;
49,46,255;
51,48,255;
53,50,255;
55,52,255;
58,54,255;
60,56,255;
62,58,255;
64,60,255;
66,62,255;
68,64,255;
70,66,255;
73,68,255;
75,70,255;
77,72,255;
79,74,255;
81,76,255;
83,78,255;
85,80,255;
87,82,255;
90,83,255;
92,85,255;
94,87,255;
96,89,255;
98,91,255;
100,93,255;
102,95,255;
105,97,255;
107,99,255;
109,101,255;
111,103,255;
113,105,255;
115,107,255;
117,109,255;
119,111,255;
122,113,255;
124,115,255;
126,117,255;
128,119,255;
130,121,255;
132,123,255;
134,125,255;
136,127,255;
138,129,255;
140,131,255;
142,133,255;
144,135,255;
146,137,255;
148,139,255;
149,141,255;
151,143,255;
153,145,255;
155,147,255;
157,149,255;
159,152,255;
161,154,255;
162,156,255;
164,158,255;
166,160,255;
168,162,255;
170,164,255;
172,166,255;
174,168,255;
175,170,255;
177,172,255;
179,174,255;
181,176,255;
183,178,255;
185,180,255;
187,182,255;
188,184,255;
190,186,255;
192,188,255;
194,190,255;
196,192,255;
198,194,255;
200,196,255;
201,198,255;
203,200,255;
205,202,255;
207,204,255;
209,206,255;
211,208,255;
212,210,255;
214,212,255;
216,214,255;
218,216,255;
220,218,255;
222,220,255;
224,222,255;
225,224,255;
227,226,255;
229,228,255;
231,230,255;
233,232,255;
235,235,255;
237,237,255;
238,239,255;
240,241,255;
242,243,255;
244,245,255;
246,247,255;
248,249,255;
250,251,255;
251,253,255;
253,255,255;
254,255,255;
254,253,253;
254,251,251;
254,249,249;
254,247,247;
254,245,245;
254,243,243;
254,241,241;
254,239,239;
254,237,237;
254,235,235;
255,232,233;
255,230,231;
255,228,229;
255,226,227;
255,224,226;
255,222,224;
255,220,222;
255,218,220;
255,216,218;
255,214,216;
255,212,214;
255,210,212;
255,208,210;
255,206,208;
255,204,206;
255,202,204;
255,200,202;
255,198,200;
255,196,198;
255,194,196;
255,192,194;
255,190,192;
255,188,190;
255,186,188;
255,184,186;
255,182,185;
255,180,183;
255,178,181;
255,176,179;
255,174,177;
255,172,175;
255,170,173;
255,168,171;
255,166,169;
255,164,167;
255,162,165;
255,160,163;
255,158,161;
255,156,159;
255,154,157;
255,152,155;
255,149,153;
255,147,151;
255,145,149;
255,143,147;
255,141,146;
255,139,144;
255,137,142;
255,135,140;
255,133,138;
255,131,136;
255,129,134;
255,127,132;
255,125,130;
255,123,128;
255,121,126;
255,119,124;
255,117,122;
255,115,120;
255,113,117;
255,111,115;
255,109,113;
255,107,111;
255,105,109;
255,103,107;
255,101,105;
255,99,103;
255,97,101;
255,95,99;
255,93,97;
255,91,95;
255,89,93;
255,87,91;
255,85,89;
255,83,87;
255,82,84;
255,80,82;
255,78,80;
255,76,78;
255,74,76;
255,72,74;
255,70,72;
255,68,70;
255,66,68;
255,64,66;
255,62,64;
255,60,62;
255,58,60;
255,56,58;
255,54,56;
255,52,54;
255,50,52;
255,48,49;
255,46,47;
255,44,45;
255,42,43;
255,40,41;
255,38,39;
255,36,37;
255,34,35;
255,32,33;
255,30,31;
255,28,29;
255,26,27;
255,24,25;
255,22,23;
255,20,21;
255,18,19;
255,16,16;
255,14,14;
255,12,12;
255,10,10;
255,8,8;
255,6,6;
255,4,4;
255,2,2;
255,0,0]/255;
end